1.558499399764547E9
1.558499833201652E9
1.55849994406358E9
1.558500185487451E9
1.558500323985515E9
1.558501009068582E9
1.55850275024134E9
1.558746581010482E9
1.558748233850998E9
1.558749094565765E9
1.558751573634447E9
1.558751714406913E9
1.558751798320271E9
1.558752091339203E9
1.558752315235158E9
1.558752509296571E9
1.558752793947085E9
1.558753577310248E9
1.558753857884789E9
1.558754185824209E9
1.558754282845175E9
1.558754368464629E9
1.558755501577843E9
1.558755637962767E9
1.55875684167566E9
1.558756930782783E9
