160711.0
169198.00000000026
152376.0
170147.0
138332.00000000006
155009.0
166213.0
189796.0
184781.0
151894.0000000001
172159.00000000003
190187.0
172433.0
173759.0
178832.0
197085.0
153223.00000000003
190691.0
161561.0
171656.0
193375.0
162318.0
158887.0
176260.00000000052
159603.0
148409.0
192919.00000000003
177055.0
162954.00000000012
158300.0
163771.0
146799.00000000012
167636.0
139871.0
197445.0
164537.0
180543.0
162324.0
183981.0
159304.0
171204.0
164929.00000000003
168978.00000000044
168110.0000000007
155703.0
169469.0
175845.0
159232.00000000023
168280.0
174145.00000000035
189806.0
162427.0
152584.0
112240.00000000013
177926.99999999997
164018.0
165630.0000000004
129632.0
159464.0
184182.0
184380.0000000004
168229.0
178834.00000000003
169234.00000000006
148694.00000000012
144472.0
122878.00000000006
154558.0
163677.0
168191.00000000006
146279.0
149611.0
185995.0
177994.0
158134.0
147165.0
177322.0
224107.0
140231.0
156356.99999999933
150224.000000001
161215.0
151725.0
147458.0
150018.0
177855.0
150988.99999999994
142117.0000000007
162850.0
175068.0
167150.99999999985
178623.0
155706.99999999983
152400.0
191276.00000000012
159058.99999999997
171961.0
148693.00000000015
171900.00000000003
168549.9999999858
