11893.0
15012.0
9864.0
14642.999999999989
11476.0
13353.0
10801.0
17572.000000000084
12064.0
19248.999999999996
22275.0
11086.0
10163.999999999998
17613.0
8285.0
5142.0
14269.0
6173.999999999999
11361.0
12702.0
10688.0
13115.0
19686.000000000065
14252.0
17265.0
16663.000000000015
17425.0
12668.999999999998
12437.999999999998
13020.0
13194.0
6415.0
11667.0
10923.0
13765.000000000005
9892.0
6121.0
10376.999999999996
19088.0
23155.0
23669.0
16299.0
13931.0
22046.0
10871.0
19376.999999999985
10893.0
12703.0
9329.0
15175.000000000291
10205.0
8414.0
16149.000000000166
9893.0
9528.0
10503.000000000016
8888.0
20452.000000000044
10772.0
24774.0
11463.0
7890.0
11864.0
22754.0
6330.0
11323.0
10497.0
16186.0
11317.0
11297.000000000004
11597.0
12318.0
6930.0
24016.0
10721.999999999998
14198.000000000007
11072.000000000227
18511.0
17201.000000000007
10675.0
13253.999999999998
19472.0
9914.999999999998
6157.0
13889.0
7267.0
12081.0
15458.0
19404.0
13055.000000000004
15521.0
6249.0
15124.0
14062.0
16820.000000000025
12411.0
11364.0
15650.0
14174.000000000058
13329.000000000056
