336658.0
427221.0
333584.0
379319.9999999997
362576.0
330938.0
352539.0
301030.0
344234.0
328265.0
351335.0
347248.0
387123.0
312106.0
309404.0
314256.0
356255.0
368874.0
378690.0
341243.0
345923.0
329490.0
345769.0
388174.0
356382.0
340109.00000000006
369606.0
360118.0
317790.0
324047.0
303210.0
372325.0
357066.0
373143.0000000001
372927.0
317248.0
341132.0
354540.0
355679.0
337046.0
380385.0
304598.0
349685.0
318345.0
291125.0
357016.0
386165.0
321314.00000000006
315995.0
315402.0
393657.0
375588.0
342541.0000000001
378842.0
306609.0
319691.0
360859.0
328072.0
395478.0
364700.0
307088.0
353199.0
344791.0
354534.0
401420.0
384147.0
395099.0
331119.0
380812.99999999994
358026.0
347264.0
340148.0
292637.0
364852.0
343557.0
364410.0
377679.0
382751.00000000006
358780.0
350670.0
339482.0
293523.0
311843.0
364936.0
448920.0
332100.0
362590.0
345592.0
340590.0
399996.0
352559.0
375485.0
335942.0
358201.0
313534.0
301726.0
322220.0
365702.0
321268.0
328826.0
